DivST
Top1_mean: 84.07600000000001
Top5_mean: 84.69
Top1_std: 0.2545191544854742
Top5_std: 0.02738612787525675

SpaceOnly
Top1_mean: 83.578
Top5_mean: 84.62599999999999
Top1_std: 0.35981939914351363
Top5_std: 0.08049844718999054

JointST
Top1_mean: 83.576
Top5_mean: 84.636
Top1_std: 0.4216989447461304
Top5_std: 0.06188699378706249
