Top1_mean: 84.07600000000001
Top5_mean: 84.69
Top1_std: 0.2545191544854742
Top5_std: 0.02738612787525675
