Top1_mean: 83.576
Top5_mean: 84.636
Top1_std: 0.4216989447461304
Top5_std: 0.06188699378706249
