Top1_mean: 83.578
Top5_mean: 84.62599999999999
Top1_std: 0.35981939914351363
Top5_std: 0.08049844718999054
